20260610090001
20260610090002
20260610090003
20260610090004
20260610090005
20260610090006
20260610090007
20260611090001
20260614090001
20260614090002
20260615090001
20260618090001
20260723100001
20260723100002
20260723100003
20260723100004
20260724100001
20260724100002
20260724110001
20260724110002
20260724110003
20260724110004
20260726100001
20260729100001
20260729100002
20260729100003
20260729100004
20260729100005
20260729100006
20260729100007
20260730100001
20260805100001
20260805100002
20260805100003
20260807100001
20260807100002
20260807100003
20260807100004
20260807100005
20260808090001
20260808100001
20260808100002
20260808100003
20260808100004
20260808100005
20260808100006
20260809090001
20260809090002
20260809090003
20260809090004
20260809090005
20260809090006
20260809090007
20260809090008
20260809090009
20260813142100
20260813160000
20260814140000
20260814170000
20260815150000
20260815150001
20260820200000
